5
5
    0    0  -15    0    0
    0    8    0   14    0
   -4    0    0   -2    0
  -14    0    0    7    0
    0    0    0    0    0
7
5
5
   -4  -14    8  -15   14   -2    7
    2    3    1    0    1    2    3
    0    2    3    4    7    7

5
5
    0    0   13    0    0
    0    0   10   15    1
    0    0    0    0    0
    0    2   16    1    0
    0    2   11    0    2
10
5
5
    2    2   13   10   16   11   15    1    1    2
    3    4    0    1    3    4    1    3    1    4
    0    0    2    6    8   10

5
5
    0    0   -2    0    0
    0    8   10   29    1
   -4    0    0   -2    0
  -14    2   16    8    0
    0    2   11    0    2
14
5
5
   -4  -14    8    2    2   -2   10   16   11   29   -2    8    1    2
    2    3    1    3    4    0    1    3    4    1    2    3    1    4
    0    2    5    9   12   14
